import pandas as pd

# boston data url : http://lib.stat.cmu.edu/datasets/boston
boston = pd.read_csv("boston.csv", sep='\s+')
# item0 to item12 data
data = boston.iloc[:, :13]
# item13 data
target = boston.iloc[:,13:14]

# 顯示所有 columns
pd.set_option('display.max_columns', None)
# 設定顯示每 row 長度
pd.set_option('display.width', 300)

print(data.head())
print(boston.head())

# isnull() 檢查資料缺失
print(boston.isnull().sum())
# show 出相互皮爾遜相關係數
# > ±.7      相關性強
# ±.3 ~  ±.7 相關性中
# ±.1 ~  ±.3 相關性弱
# ≦ 0.1      相關性無
print(boston.corr())

# 使用程式挑最有相關的2個特徵
# print(boston.corr().abs().nlargest(3, 'MEDV'))
print(boston.corr().abs().nlargest(3, 'MEDV').index)
print(boston.corr().abs().nlargest(3, 'MEDV').values[:,13])


#              CRIM        ZN     INDUS      CHAS       NOX        RM       AGE       DIS       RAD       TAX   PTRATIO         B     LSTAT      MEDV
# CRIM     1.000000 -0.300774  0.590822  0.013922  0.634679 -0.190197  0.482013 -0.499501  0.838671  0.793392  0.362615 -0.377013  0.481907 -0.362077
# ZN      -0.300774  1.000000 -0.533828 -0.042697 -0.516604  0.311991 -0.569537  0.664408 -0.311948 -0.314563 -0.391679  0.175520 -0.412995  0.360445
# INDUS    0.590822 -0.533828  1.000000  0.062938  0.763651 -0.391676  0.644779 -0.708027  0.595129  0.720760  0.383248 -0.356977  0.603800 -0.483725
# CHAS     0.013922 -0.042697  0.062938  1.000000  0.091203  0.091251  0.086518 -0.099176 -0.007368 -0.035587 -0.121515  0.048788 -0.053929  0.175260
# NOX      0.634679 -0.516604  0.763651  0.091203  1.000000 -0.302188  0.731470 -0.769230  0.611441  0.668023  0.188933 -0.380051  0.590879 -0.427321
# RM      -0.190197  0.311991 -0.391676  0.091251 -0.302188  1.000000 -0.240265  0.205246 -0.209847 -0.292048 -0.355501  0.128069 -0.613808  0.695360
# AGE      0.482013 -0.569537  0.644779  0.086518  0.731470 -0.240265  1.000000 -0.747881  0.456022  0.506456  0.261515 -0.273534  0.602339 -0.376955
# DIS     -0.499501  0.664408 -0.708027 -0.099176 -0.769230  0.205246 -0.747881  1.000000 -0.494588 -0.534432 -0.232471  0.291512 -0.496996  0.249929
# RAD      0.838671 -0.311948  0.595129 -0.007368  0.611441 -0.209847  0.456022 -0.494588  1.000000  0.910228  0.464741 -0.444413  0.488676 -0.381626
# TAX      0.793392 -0.314563  0.720760 -0.035587  0.668023 -0.292048  0.506456 -0.534432  0.910228  1.000000  0.460853 -0.441808  0.543993 -0.468536
# PTRATIO  0.362615 -0.391679  0.383248 -0.121515  0.188933 -0.355501  0.261515 -0.232471  0.464741  0.460853  1.000000 -0.177383  0.374044 -0.507787
# B       -0.377013  0.175520 -0.356977  0.048788 -0.380051  0.128069 -0.273534  0.291512 -0.444413 -0.441808 -0.177383  1.000000 -0.366087  0.333461
# LSTAT    0.481907 -0.412995  0.603800 -0.053929  0.590879 -0.613808  0.602339 -0.496996  0.488676  0.543993  0.374044 -0.366087  1.000000 -0.737663
# MEDV    -0.362077  0.360445 -0.483725  0.175260 -0.427321  0.695360 -0.376955  0.249929 -0.381626 -0.468536 -0.507787  0.333461 -0.737663  1.000000

